x1 = [1.000000000000000; 1.031250000000000; 1.062500000000000; 1.093750000000000; 1.125000000000000; 1.156250000000000; 1.187500000000000; 1.218750000000000; 1.250000000000000; 1.281250000000000; 1.312500000000000; 1.343750000000000; 1.375000000000000; 1.406250000000000; 1.437500000000000; 1.468750000000000; 1.500000000000000; 1.531250000000000; 1.562500000000000; 1.593750000000000; 1.625000000000000; 1.656250000000000; 1.687500000000000; 1.718750000000000; 1.750000000000000; 1.781250000000000; 1.812500000000000; 1.843750000000000; 1.875000000000000; 1.906250000000000; 1.937500000000000; 1.968750000000000; 2.000000000000000];
y1 = [0.000000000000000; 0.030771659075572; 0.060624622594282; 0.089612159800164; 0.117783037066211; 0.145182011523245; 0.171850258846485; 0.197825745465332; 0.223143553641841; 0.247836166402987; 0.271933718133117; 0.295464215676248; 0.318453734017177; 0.340926589970053; 0.362905496775404; 0.384411702069771; 0.405465111328808; 0.426084398581437; 0.446287105938350; 0.466089733264168; 0.485507819141838; 0.504556014124659; 0.523248147141075; 0.541597285806209; 0.559615791298995; 0.577315368382132; 0.594707111071794; 0.611801544403342; 0.628608662686797; 0.645137964600253; 0.661398485429775; 0.677398826729758; 0.693147183647526];
error1 = [0.000000000000001; 0.000000000408818; 0.000000000777847; 0.000000001110477; 0.000000001409828; 0.000000001678747; 0.000000001919826; 0.000000002135412; 0.000000002327631; 0.000000002498406; 0.000000002649475; 0.000000002782412; 0.000000002898643; 0.000000002999459; 0.000000003086036; 0.000000003159439; 0.000000003220644; 0.000000003270536; 0.000000003309930; 0.000000003339569; 0.000000003360137; 0.000000003372263; 0.000000003376527; 0.000000003373465; 0.000000003363572; 0.000000003347308; 0.000000003325102; 0.000000003297349; 0.000000003264423; 0.000000003226668; 0.000000003184410; 0.000000003137952; 0.000000003087580];

x2 = [1.000000000000000; 1.007812500000000; 1.015625000000000; 1.023437500000000; 1.031250000000000; 1.039062500000000; 1.046875000000000; 1.054687500000000; 1.062500000000000; 1.070312500000000; 1.078125000000000; 1.085937500000000; 1.093750000000000; 1.101562500000000; 1.109375000000000; 1.117187500000000; 1.125000000000000; 1.132812500000000; 1.140625000000000; 1.148437500000000; 1.156250000000000; 1.164062500000000; 1.171875000000000; 1.179687500000000; 1.187500000000000; 1.195312500000000; 1.203125000000000; 1.210937500000000; 1.218750000000000; 1.226562500000000; 1.234375000000000; 1.242187500000000; 1.250000000000000; 1.257812500000000; 1.265625000000000; 1.273437500000000; 1.281250000000000; 1.289062500000000; 1.296875000000000; 1.304687500000000; 1.312500000000000; 1.320312500000000; 1.328125000000000; 1.335937500000000; 1.343750000000000; 1.351562500000000; 1.359375000000000; 1.367187500000000; 1.375000000000000; 1.382812500000000; 1.390625000000000; 1.398437500000000; 1.406250000000000; 1.414062500000000; 1.421875000000000; 1.429687500000000; 1.437500000000000; 1.445312500000000; 1.453125000000000; 1.460937500000000; 1.468750000000000; 1.476562500000000; 1.484375000000000; 1.492187500000000; 1.500000000000000; 1.507812500000000; 1.515625000000000; 1.523437500000000; 1.531250000000000; 1.539062500000000; 1.546875000000000; 1.554687500000000; 1.562500000000000; 1.570312500000000; 1.578125000000000; 1.585937500000000; 1.593750000000000; 1.601562500000000; 1.609375000000000; 1.617187500000000; 1.625000000000000; 1.632812500000000; 1.640625000000000; 1.648437500000000; 1.656250000000000; 1.664062500000000; 1.671875000000000; 1.679687500000000; 1.687500000000000; 1.695312500000000; 1.703125000000000; 1.710937500000000; 1.718750000000000; 1.726562500000000; 1.734375000000000; 1.742187500000000; 1.750000000000000; 1.757812500000000; 1.765625000000000; 1.773437500000000; 1.781250000000000; 1.789062500000000; 1.796875000000000; 1.804687500000000; 1.812500000000000; 1.820312500000000; 1.828125000000000; 1.835937500000000; 1.843750000000000; 1.851562500000000; 1.859375000000000; 1.867187500000000; 1.875000000000000; 1.882812500000000; 1.890625000000000; 1.898437500000000; 1.906250000000000; 1.914062500000000; 1.921875000000000; 1.929687500000000; 1.937500000000000; 1.945312500000000; 1.953125000000000; 1.960937500000000; 1.968750000000000; 1.976562500000000; 1.984375000000000; 1.992187500000000; 2.000000000000000];
y2 = [0.000000000000000; 0.007782140442453; 0.015504186536753; 0.023167059282701; 0.030771658668290; 0.038318864304034; 0.045809536033544; 0.053244514521405; 0.060624621819362; 0.067950661911762; 0.075223421241160; 0.082443669214957; 0.089612158693872; 0.096729626463030; 0.103796793686410; 0.110814366345336; 0.117783035661702; 0.124703478506541; 0.131576357794561; 0.138402322865213; 0.145182009850836; 0.151916042032419; 0.158605030183448; 0.165249572902342; 0.171850256933914; 0.178407657480287; 0.184922338501689; 0.191394853007509; 0.197825743337996; 0.204215541436958; 0.210564769115803; 0.216873938309248; 0.223143551323019; 0.229374101073826; 0.235566071321912; 0.241719936896451; 0.247836163914043; 0.253915209990577; 0.259957524446686; 0.265963548507040; 0.271933715493682; 0.277868451013630; 0.283768173140948; 0.289633292593471; 0.295464212904386; 0.301261330588829; 0.307025035305693; 0.312755710014787; 0.318453731129531; 0.324119468665311; 0.329753286383666; 0.335355541932431; 0.340926586981978; 0.346466767357681; 0.351976423168736; 0.357455888933444; 0.362905493701087; 0.368325561170501; 0.373716409805450; 0.379078352946905; 0.384411698922334; 0.389716751152091; 0.394993808252995; 0.400243164139197; 0.405465108120404; 0.410659924997560; 0.415827895156053; 0.420969294656519; 0.426084395323334; 0.431173464830847; 0.436236766787434; 0.441274560817428; 0.446287102641007; 0.451274644152079; 0.456237433494238; 0.461175715134849; 0.466089729937304; 0.470979715231519; 0.475845904882714; 0.480688529358521; 0.485507815794488; 0.490303988057996; 0.495077266810667; 0.499827869569277; 0.504556010765232; 0.509261901802653; 0.513945751115085; 0.518607764220900; 0.523248143777404; 0.527867089633700; 0.532464798882328; 0.537041465909737; 0.541597282445593; 0.546132437610978; 0.550647117965497; 0.555141507553326; 0.559615787948237; 0.564070138297604; 0.568504735365456; 0.572919753574557; 0.577315365047579; 0.581691739647359; 0.586049045016295; 0.590387446614872; 0.594707107759366; 0.599008189658733; 0.603290851450709; 0.607555250237140; 0.611801541118563; 0.616029877228056; 0.620240409764369; 0.624433288024374; 0.628608659434822; 0.632766669583452; 0.636907462249448; 0.641031179433275; 0.645137961385891; 0.649227946637378; 0.653301272024975; 0.657358072720549; 0.661398482257513; 0.665422632557196; 0.669430653954692; 0.673422675224185; 0.677398823603779; 0.681359224819830; 0.685304003110799; 0.689233281250641; 0.693147180571728];
